===============================================================

Iteración 1

Laberinto:
█████████████████
█...█...........█
█...█...........█
█...█...........█
S...█...█...█████
█▲..█...█...█...█
█.▲.█...█...█...█
█..▲█...█...█...█
█..▲█████...█...█
█...▲.......█...█
█....▲......█...█
█.....▲▲▲...█...█
█...█████▲▲▲█▲▲▲E
█...█.......▲...█
█...█...........█
█...█...........█
█████████████████

Número de nodos generados: 114
Nodos generados (en orden): (4, 0), (3, 1), (4, 1), (5, 1), (4, 2), (5, 2), (6, 1), (6, 2), (3, 2), (5, 3), (6, 3), (7, 1), (7, 2), (7, 3), (4, 3), (8, 2), (8, 3), (3, 3), (8, 1), (9, 2), (9, 3), (9, 4), (9, 1), (9, 5), (10, 3), (10, 4), (10, 5), (9, 6), (10, 6), (11, 4), (11, 5), (11, 6), (2, 1), (2, 2), (10, 2), (11, 3), (10, 7), (11, 7), (10, 1), (2, 3), (9, 7), (11, 2), (12, 3), (11, 1), (10, 8), (11, 8), (9, 8), (12, 2), (10, 9), (11, 9), (12, 9), (12, 1), (11, 10), (12, 10), (13, 8), (13, 9), (13, 10), (10, 10), (1, 1), (1, 2), (1, 3), (8, 9), (9, 9), (13, 1), (13, 2), (13, 3), (11, 11), (12, 11), (13, 11), (9, 10), (10, 11), (8, 10), (13, 12), (14, 9), (14, 10), (14, 11), (9, 11), (14, 8), (14, 2), (14, 3), (7, 9), (7, 10), (8, 11), (14, 12), (14, 1), (7, 11), (12, 13), (13, 13), (14, 13), (11, 13), (11, 14), (12, 14), (13, 14), (13, 7), (14, 7), (14, 14), (15, 10), (15, 11), (15, 12), (11, 15), (12, 15), (13, 15), (6, 9), (6, 10), (6, 11), (15, 9), (15, 13), (14, 15), (15, 2), (15, 3), (12, 16), (15, 8), (15, 1), (15, 14)

Número de nodos inspeccionados: 91
Nodos inspeccionados (en orden): (4, 0), (5, 1), (4, 1), (6, 2), (5, 2), (6, 1), (7, 3), (4, 2), (6, 3), (7, 2), (5, 3), (8, 3), (4, 3), (8, 2), (9, 4), (7, 1), (10, 5), (3, 1), (9, 3), (10, 4), (11, 6), (9, 5), (9, 2), (3, 2), (8, 1), (11, 5), (10, 6), (10, 3), (11, 4), (9, 6), (10, 2), (11, 7), (9, 1), (3, 3), (10, 7), (11, 3), (11, 8), (10, 1), (11, 2), (9, 7), (12, 9), (11, 9), (2, 2), (11, 1), (9, 8), (12, 2), (2, 1), (12, 1), (12, 10), (10, 9), (11, 10), (2, 3), (10, 8), (12, 3), (9, 9), (12, 11), (11, 11), (13, 10), (10, 10), (13, 9), (13, 3), (1, 3), (8, 9), (9, 10), (10, 11), (1, 2), (13, 11), (9, 11), (13, 2), (13, 1), (8, 10), (1, 1), (13, 12), (8, 11), (12, 13), (13, 8), (13, 13), (14, 11), (12, 14), (7, 10), (14, 10), (14, 12), (13, 14), (14, 3), (12, 15), (14, 9), (7, 9), (14, 2), (7, 11), (14, 13), (12, 16)

Camino real: (4, 0)
Coste del camino real hasta el momento: 0

Camino propuesto por A*: (4, 0) - (5, 1) - (6, 2) - (7, 3) - (8, 3) - (9, 4) - (10, 5) - (11, 6) - (11, 7) - (11, 8) - (12, 9) - (12, 10) - (12, 11) - (13, 12) - (12, 13) - (12, 14) - (12, 15) - (12, 16)
Coste del camino propuesto por A*: 103

Número de pasos: 1
Número de reintentos: 0

Proporción media de obstáculos presentes en el entorno: 33.91%

===============================================================

Iteración 2

Laberinto:
........██.......
...█.............
.█.█.......███...
██...█...........
S██.█.......█...█
.✱▲█..██....██...
.██▲█........███.
.█..▲█..█.....██.
█...█▲▲▲▲.......█
█......█.▲▲▲.....
██..██...███▲..█.
............█▲..█
.█.......████.▲▲E
█.....██.█.█.█.█.
...█...██....█...
█...█..█....██...
.█....█....█..█..

Número de nodos generados: 122
Nodos generados (en orden): (5, 1), (4, 0), (5, 0), (5, 2), (6, 0), (4, 3), (6, 3), (5, 4), (7, 2), (7, 3), (7, 4), (6, 5), (8, 3), (8, 5), (8, 2), (7, 6), (8, 6), (9, 4), (9, 5), (9, 6), (8, 7), (10, 6), (10, 7), (7, 0), (7, 7), (9, 8), (10, 8), (11, 6), (11, 7), (11, 8), (9, 2), (9, 3), (11, 5), (11, 9), (12, 7), (12, 8), (12, 6), (10, 3), (10, 2), (3, 2), (3, 3), (3, 4), (8, 1), (9, 9), (4, 5), (5, 5), (13, 8), (9, 1), (11, 10), (12, 5), (6, 6), (11, 2), (11, 3), (11, 4), (8, 8), (7, 9), (8, 9), (12, 3), (12, 4), (6, 7), (4, 6), (13, 5), (11, 11), (8, 10), (9, 10), (12, 2), (7, 10), (11, 1), (13, 4), (6, 8), (8, 11), (9, 11), (13, 3), (10, 12), (5, 8), (2, 4), (2, 5), (8, 12), (9, 12), (3, 6), (7, 11), (5, 9), (6, 9), (9, 13), (10, 13), (11, 13), (6, 10), (10, 14), (11, 14), (12, 13), (12, 14), (14, 9), (13, 2), (2, 2), (8, 13), (7, 12), (9, 14), (11, 15), (12, 15), (13, 14), (5, 10), (7, 13), (3, 7), (4, 7), (13, 1), (11, 0), (12, 0), (13, 12), (8, 14), (6, 11), (12, 16), (13, 16), (3, 8), (4, 8), (14, 4), (14, 5), (14, 6), (5, 11), (6, 12), (10, 16), (9, 15), (4, 9)

Número de nodos inspeccionados: 91
Nodos inspeccionados (en orden): (5, 1), (5, 2), (6, 3), (7, 4), (7, 3), (8, 5), (9, 6), (6, 0), (9, 5), (8, 6), (10, 7), (8, 3), (10, 6), (5, 0), (11, 8), (11, 7), (9, 4), (9, 3), (4, 3), (7, 0), (10, 8), (7, 2), (5, 4), (12, 8), (8, 1), (11, 9), (11, 6), (12, 7), (6, 5), (10, 3), (8, 2), (8, 7), (8, 8), (9, 2), (9, 8), (11, 4), (7, 6), (5, 5), (9, 1), (12, 6), (11, 10), (9, 9), (6, 6), (11, 3), (8, 9), (10, 2), (12, 5), (4, 0), (7, 7), (11, 5), (9, 10), (12, 4), (11, 11), (11, 2), (6, 7), (3, 4), (9, 11), (4, 5), (8, 10), (6, 8), (10, 12), (7, 9), (11, 13), (13, 8), (12, 3), (3, 3), (9, 12), (8, 11), (10, 13), (12, 14), (6, 9), (8, 12), (4, 6), (12, 2), (11, 1), (11, 14), (12, 13), (9, 13), (7, 10), (12, 15), (4, 7), (8, 13), (13, 5), (6, 10), (7, 11), (11, 15), (3, 2), (10, 14), (13, 4), (5, 8), (12, 16)

Camino real: (4, 0) - (5, 1)
Coste del camino real hasta el momento: 7

Camino propuesto por A*: (5, 1) - (5, 2) - (6, 3) - (7, 4) - (8, 5) - (8, 6) - (8, 7) - (8, 8) - (9, 9) - (9, 10) - (9, 11) - (10, 12) - (11, 13) - (12, 14) - (12, 15) - (12, 16)
Coste del camino propuesto por A*: 89

Número de pasos: 2
Número de reintentos: 0

Proporción media de obstáculos presentes en el entorno: 24.9135%

===============================================================

Iteración 3

Laberinto:
...█..█.......██.
.█...........█..█
........█....█...
.██....█...██....
S...█..........█.
█✱✱...........██.
.█.▲▲▲█....███...
██.███▲██.█.█....
█.██...▲▲▲▲▲▲▲█..
........█....█▲.█
..█...███.....█▲.
.....███.......█▲
█.█.█...██....██E
..........█......
█.█...█.█...█..█.
...██.....█..██..
....█.....█.█..█.

Número de nodos generados: 157
Nodos generados (en orden): (5, 2), (4, 1), (4, 2), (4, 3), (5, 1), (5, 3), (6, 2), (6, 3), (5, 4), (6, 4), (7, 2), (5, 5), (6, 5), (4, 5), (8, 1), (5, 6), (7, 6), (6, 7), (8, 5), (8, 6), (8, 7), (3, 3), (3, 4), (8, 8), (9, 6), (9, 7), (4, 6), (4, 0), (6, 0), (9, 5), (7, 9), (8, 9), (9, 9), (9, 0), (9, 1), (9, 2), (8, 10), (9, 10), (3, 5), (3, 6), (4, 7), (5, 7), (10, 9), (10, 10), (4, 8), (5, 8), (6, 8), (5, 9), (6, 9), (10, 5), (9, 11), (10, 11), (11, 9), (11, 10), (11, 11), (9, 3), (10, 1), (10, 3), (4, 9), (11, 8), (10, 12), (11, 12), (12, 10), (12, 11), (12, 12), (8, 11), (3, 0), (9, 4), (10, 4), (11, 2), (11, 3), (11, 4), (6, 10), (11, 13), (12, 13), (13, 11), (13, 12), (13, 13), (5, 10), (9, 12), (8, 4), (7, 11), (10, 0), (2, 3), (2, 4), (2, 5), (12, 3), (12, 5), (10, 13), (8, 12), (5, 11), (2, 2), (3, 8), (12, 6), (13, 4), (13, 5), (13, 6), (11, 14), (13, 14), (13, 9), (2, 6), (8, 13), (4, 10), (3, 9), (11, 0), (11, 1), (7, 13), (12, 7), (13, 7), (12, 1), (2, 7), (4, 11), (3, 10), (13, 8), (13, 0), (13, 1), (13, 2), (14, 13), (14, 14), (13, 3), (9, 14), (10, 15), (7, 14), (1, 4), (1, 5), (1, 6), (4, 12), (5, 12), (4, 13), (5, 13), (14, 11), (14, 10), (1, 3), (13, 15), (2, 9), (4, 14), (6, 14), (14, 5), (14, 7), (1, 2), (1, 7), (8, 15), (9, 15), (8, 16), (10, 16), (6, 15), (7, 15), (14, 4), (11, 16), (14, 3), (2, 10), (6, 16), (7, 16), (12, 16), (13, 16), (14, 16), (1, 8)

Número de nodos inspeccionados: 121
Nodos inspeccionados (en orden): (5, 2), (6, 3), (5, 3), (6, 2), (6, 4), (5, 4), (7, 2), (6, 5), (7, 6), (4, 3), (8, 7), (5, 5), (4, 2), (5, 1), (8, 6), (9, 7), (8, 8), (8, 1), (8, 9), (4, 5), (5, 6), (9, 9), (5, 7), (6, 8), (9, 6), (10, 10), (9, 2), (5, 8), (10, 9), (11, 11), (9, 10), (4, 1), (10, 3), (7, 9), (11, 10), (12, 12), (6, 9), (10, 11), (8, 5), (4, 6), (8, 10), (9, 1), (6, 7), (9, 3), (11, 9), (3, 4), (11, 4), (12, 11), (11, 12), (9, 5), (10, 12), (11, 3), (8, 11), (6, 0), (6, 10), (3, 3), (4, 7), (12, 5), (10, 4), (12, 13), (12, 10), (3, 5), (9, 4), (9, 12), (10, 5), (9, 11), (5, 9), (4, 8), (10, 1), (7, 11), (8, 12), (12, 6), (11, 1), (3, 6), (9, 0), (11, 13), (11, 8), (5, 10), (4, 9), (12, 7), (12, 1), (13, 13), (12, 3), (10, 13), (10, 0), (11, 2), (11, 14), (8, 13), (4, 0), (2, 5), (5, 11), (4, 10), (5, 12), (8, 4), (13, 12), (13, 11), (2, 4), (13, 14), (3, 8), (5, 13), (13, 6), (11, 0), (2, 3), (2, 6), (4, 11), (9, 14), (9, 15), (6, 14), (13, 5), (10, 16), (13, 7), (10, 15), (13, 4), (7, 13), (3, 9), (7, 15), (13, 15), (13, 3), (11, 16), (2, 7), (12, 16)

Camino real: (4, 0) - (5, 1) - (5, 2)
Coste del camino real hasta el momento: 12

Camino propuesto por A*: (5, 2) - (6, 3) - (6, 4) - (6, 5) - (7, 6) - (8, 7) - (8, 8) - (8, 9) - (8, 10) - (8, 11) - (8, 12) - (8, 13) - (9, 14) - (10, 15) - (11, 16) - (12, 16)
Coste del camino propuesto por A*: 87

Número de pasos: 3
Número de reintentos: 0

Proporción media de obstáculos presentes en el entorno: 24.9135%

===============================================================

Iteración 4

Laberinto:
██.......█.██..██
.███..██..██.....
...█..█..███.....
█.█........█.█..█
S.....█..........
█✱✱........█.....
███✱▲▲..███...█..
.█..██▲..██...█.█
.█...█.▲..█......
█....█..▲......█.
██.....█.▲▲▲▲▲.█.
..█.....█..█..▲▲.
..█.██....█....█E
.....█..█.......█
........█.██.....
█.....█.........█
.█....█.......█..

Número de nodos generados: 125
Nodos generados (en orden): (6, 3), (5, 2), (5, 3), (5, 4), (6, 4), (7, 2), (7, 3), (5, 5), (6, 5), (8, 2), (8, 3), (8, 4), (9, 3), (9, 4), (5, 6), (6, 6), (7, 6), (9, 2), (6, 7), (7, 7), (8, 6), (8, 7), (10, 3), (10, 4), (10, 5), (7, 8), (8, 8), (9, 6), (9, 7), (9, 8), (5, 7), (10, 6), (11, 4), (11, 5), (11, 6), (10, 2), (11, 7), (12, 6), (12, 7), (8, 9), (9, 9), (10, 8), (10, 9), (11, 3), (4, 3), (4, 4), (4, 5), (5, 8), (4, 2), (9, 10), (10, 10), (11, 9), (11, 10), (12, 8), (13, 6), (13, 7), (9, 1), (10, 11), (12, 9), (12, 11), (12, 3), (11, 12), (12, 12), (13, 10), (13, 11), (13, 12), (9, 11), (13, 9), (4, 7), (11, 13), (12, 13), (13, 13), (4, 8), (11, 1), (4, 1), (13, 2), (13, 3), (13, 4), (3, 4), (3, 5), (3, 6), (8, 11), (11, 14), (12, 14), (13, 14), (3, 3), (9, 12), (10, 12), (9, 13), (10, 13), (4, 9), (5, 9), (11, 15), (13, 15), (14, 6), (14, 7), (8, 0), (9, 14), (10, 14), (14, 12), (14, 13), (8, 12), (14, 9), (14, 5), (4, 10), (5, 10), (7, 11), (7, 12), (8, 13), (3, 7), (3, 8), (14, 14), (8, 14), (10, 16), (11, 16), (12, 16), (14, 3), (14, 4), (4, 11), (6, 11), (14, 2), (3, 9), (11, 0), (12, 0), (12, 1)

Número de nodos inspeccionados: 87
Nodos inspeccionados (en orden): (6, 3), (6, 4), (7, 3), (8, 4), (6, 5), (8, 3), (7, 6), (9, 4), (8, 7), (6, 6), (10, 5), (9, 3), (7, 7), (8, 6), (11, 6), (7, 2), (9, 8), (10, 4), (5, 4), (6, 7), (10, 3), (5, 3), (10, 9), (12, 7), (11, 5), (10, 6), (8, 8), (9, 7), (8, 2), (11, 10), (10, 8), (9, 9), (11, 7), (11, 4), (5, 5), (9, 6), (12, 6), (7, 8), (11, 3), (11, 9), (12, 11), (10, 10), (12, 8), (8, 9), (9, 2), (5, 6), (12, 12), (5, 7), (10, 2), (5, 2), (12, 3), (4, 5), (9, 10), (12, 9), (12, 13), (4, 4), (10, 11), (10, 12), (5, 8), (12, 14), (13, 7), (9, 1), (4, 3), (10, 13), (13, 12), (11, 12), (9, 11), (13, 9), (11, 13), (13, 6), (5, 9), (8, 11), (9, 12), (11, 14), (10, 14), (13, 11), (4, 7), (13, 13), (9, 13), (11, 15), (13, 4), (13, 10), (5, 10), (13, 3), (4, 8), (11, 1), (12, 16)

Camino real: (4, 0) - (5, 1) - (5, 2) - (6, 3)
Coste del camino real hasta el momento: 19

Camino propuesto por A*: (6, 3) - (6, 4) - (6, 5) - (7, 6) - (8, 7) - (9, 8) - (10, 9) - (10, 10) - (10, 11) - (10, 12) - (10, 13) - (11, 14) - (11, 15) - (12, 16)
Coste del camino propuesto por A*: 77

Número de pasos: 4
Número de reintentos: 0

Proporción media de obstáculos presentes en el entorno: 24.9135%

===============================================================

Iteración 5

Laberinto:
....█.....█...██.
...█.....█.....██
.......███...█...
....███..█......█
S█.....████.....█
.✱✱....████.███.█
.█.✱✱....█......█
...█.▲.█.█....███
..█...▲▲▲.....██.
█..█....█▲....█..
....█...█.▲...██.
█....█....█▲.█...
██..█...██..▲▲▲▲E
.....█...........
.█....█.█..██.█..
..█..............
..█......██...█..

Número de nodos generados: 111
Nodos generados (en orden): (6, 4), (5, 3), (5, 4), (5, 5), (6, 3), (6, 5), (7, 4), (7, 5), (6, 6), (7, 6), (8, 4), (8, 5), (8, 6), (5, 6), (8, 3), (8, 7), (9, 5), (9, 6), (9, 7), (9, 4), (8, 8), (10, 6), (10, 7), (6, 7), (10, 5), (7, 8), (11, 6), (11, 7), (11, 8), (8, 9), (9, 9), (10, 9), (11, 9), (12, 7), (12, 6), (6, 8), (8, 10), (9, 10), (10, 10), (11, 4), (4, 4), (4, 5), (4, 6), (7, 10), (4, 3), (5, 2), (6, 2), (7, 2), (10, 3), (9, 11), (10, 11), (11, 11), (12, 5), (12, 10), (13, 6), (13, 7), (13, 8), (10, 12), (11, 12), (12, 11), (12, 12), (13, 9), (13, 10), (13, 11), (8, 11), (9, 2), (12, 13), (13, 12), (13, 13), (9, 12), (7, 11), (10, 13), (8, 12), (11, 14), (12, 14), (13, 14), (10, 2), (11, 2), (11, 3), (7, 12), (8, 13), (9, 13), (4, 2), (12, 3), (11, 15), (12, 15), (13, 15), (3, 7), (13, 4), (6, 10), (6, 11), (7, 1), (8, 1), (12, 2), (9, 1), (10, 1), (14, 7), (14, 9), (14, 10), (5, 1), (3, 3), (11, 16), (12, 16), (13, 16), (14, 13), (6, 12), (13, 2), (13, 3), (10, 16), (7, 13), (14, 5)

Número de nodos inspeccionados: 79
Nodos inspeccionados (en orden): (6, 4), (7, 5), (6, 5), (7, 4), (8, 6), (8, 5), (9, 7), (7, 6), (6, 6), (9, 6), (8, 7), (9, 5), (10, 7), (8, 4), (10, 6), (8, 8), (11, 8), (11, 7), (6, 7), (9, 9), (10, 5), (5, 5), (8, 9), (6, 8), (5, 4), (6, 3), (9, 4), (10, 10), (11, 6), (7, 8), (11, 9), (10, 9), (12, 7), (11, 11), (5, 6), (12, 10), (9, 10), (8, 3), (12, 6), (12, 12), (10, 11), (8, 10), (11, 12), (12, 11), (9, 11), (12, 13), (10, 3), (8, 11), (9, 12), (5, 3), (10, 12), (11, 4), (12, 14), (4, 6), (12, 5), (7, 10), (9, 13), (7, 2), (4, 5), (11, 3), (9, 2), (13, 8), (13, 11), (6, 2), (4, 4), (10, 13), (12, 15), (13, 13), (11, 14), (13, 7), (7, 11), (13, 10), (12, 3), (11, 15), (13, 12), (8, 12), (13, 9), (13, 6), (12, 16)

Camino real: (4, 0) - (5, 1) - (5, 2) - (6, 3) - (6, 4)
Coste del camino real hasta el momento: 24

Camino propuesto por A*: (6, 4) - (7, 5) - (8, 6) - (8, 7) - (8, 8) - (9, 9) - (10, 10) - (11, 11) - (12, 12) - (12, 13) - (12, 14) - (12, 15) - (12, 16)
Coste del camino propuesto por A*: 72

Número de pasos: 5
Número de reintentos: 0

Proporción media de obstáculos presentes en el entorno: 24.9135%

===============================================================

Iteración 6

Laberinto:
...██████....█.█.
...█..██.....██..
█...██.......██.█
.................
S..███.██...█.█.█
.✱✱........█.....
█.█✱✱.█...█...█..
....█✱..█......█.
..██.█▲...█..█...
......█▲█........
..█....█▲▲▲▲....█
...█....█..█▲▲▲▲.
.█..█......█...█E
.█...█.....█..█..
....██........██.
....█.█.█.....██.
..█.......██....█

Número de nodos generados: 94
Nodos generados (en orden): (7, 5), (6, 4), (6, 5), (7, 6), (8, 4), (8, 6), (7, 7), (8, 7), (9, 5), (9, 7), (6, 7), (8, 8), (10, 6), (10, 8), (9, 9), (10, 9), (11, 7), (11, 9), (6, 8), (10, 10), (11, 10), (12, 8), (12, 9), (12, 10), (9, 10), (13, 9), (13, 10), (10, 11), (13, 8), (7, 3), (9, 3), (9, 4), (10, 4), (10, 5), (9, 11), (5, 4), (5, 5), (5, 6), (11, 5), (11, 6), (5, 7), (5, 8), (7, 9), (8, 9), (7, 10), (10, 3), (12, 6), (12, 7), (9, 12), (10, 12), (11, 12), (11, 4), (10, 13), (11, 13), (12, 12), (12, 13), (8, 11), (9, 13), (11, 14), (12, 14), (13, 12), (13, 13), (13, 7), (5, 9), (6, 9), (12, 5), (10, 14), (11, 15), (13, 15), (5, 3), (6, 3), (14, 9), (14, 10), (14, 11), (5, 10), (13, 6), (6, 11), (7, 11), (10, 15), (12, 3), (9, 2), (8, 12), (14, 8), (7, 12), (9, 14), (13, 4), (8, 14), (4, 6), (4, 9), (11, 2), (6, 12), (11, 16), (12, 16), (7, 13)

Número de nodos inspeccionados: 63
Nodos inspeccionados (en orden): (7, 5), (8, 6), (7, 6), (9, 7), (8, 7), (10, 8), (7, 7), (11, 9), (10, 9), (12, 10), (11, 10), (12, 9), (8, 4), (9, 5), (10, 10), (6, 5), (10, 6), (6, 7), (8, 8), (8, 9), (9, 4), (9, 9), (11, 7), (10, 11), (10, 5), (11, 12), (9, 10), (10, 12), (12, 13), (12, 8), (6, 8), (11, 6), (11, 13), (12, 12), (7, 9), (12, 14), (6, 4), (13, 10), (11, 5), (6, 9), (10, 4), (12, 7), (7, 10), (11, 14), (11, 4), (9, 3), (9, 11), (13, 9), (8, 11), (10, 13), (9, 12), (12, 6), (12, 5), (9, 13), (5, 6), (5, 8), (5, 5), (10, 3), (7, 11), (11, 15), (5, 7), (8, 12), (12, 16)

Camino real: (4, 0) - (5, 1) - (5, 2) - (6, 3) - (6, 4) - (7, 5)
Coste del camino real hasta el momento: 31

Camino propuesto por A*: (7, 5) - (8, 6) - (9, 7) - (10, 8) - (10, 9) - (10, 10) - (10, 11) - (11, 12) - (11, 13) - (11, 14) - (11, 15) - (12, 16)
Coste del camino propuesto por A*: 65

Número de pasos: 6
Número de reintentos: 0

Proporción media de obstáculos presentes en el entorno: 24.9135%

===============================================================

Iteración 7

Laberinto:
....█.....██....█
..█....█......█.█
█...█..██....██..
...█....██..█.██.
S..█....█..█..█..
█✱✱█.███....█....
█..✱✱.....█......
..█..✱..█..█.....
█..█..✱▲▲▲█......
........██▲.███.█
....█...█..▲..█..
█.....█...██▲▲▲..
....█.█.......█▲E
█..█.......█...██
.█.......█...█...
..█.██.......█.█.
.........██....█.

Número de nodos generados: 79
Nodos generados (en orden): (8, 6), (7, 5), (7, 6), (7, 7), (8, 5), (8, 7), (9, 5), (9, 6), (9, 7), (8, 8), (10, 6), (10, 7), (10, 5), (11, 7), (11, 8), (10, 9), (11, 9), (12, 7), (12, 8), (12, 9), (12, 10), (13, 8), (13, 9), (13, 10), (11, 5), (7, 9), (8, 9), (13, 7), (10, 10), (7, 10), (9, 10), (8, 4), (9, 4), (12, 11), (6, 6), (6, 7), (6, 8), (8, 11), (9, 11), (10, 11), (6, 5), (13, 6), (7, 4), (10, 12), (11, 12), (11, 4), (10, 13), (11, 13), (12, 12), (12, 13), (8, 12), (13, 12), (11, 14), (13, 13), (13, 14), (6, 9), (12, 5), (14, 10), (14, 11), (6, 4), (13, 4), (13, 5), (6, 11), (14, 8), (10, 15), (11, 15), (12, 15), (14, 7), (11, 16), (12, 16), (5, 8), (5, 9), (7, 12), (10, 16), (14, 6), (9, 3), (10, 3), (11, 3), (12, 3)

Número de nodos inspeccionados: 50
Nodos inspeccionados (en orden): (8, 6), (9, 7), (9, 6), (8, 7), (10, 7), (11, 8), (12, 9), (10, 6), (8, 8), (11, 7), (12, 8), (11, 9), (8, 9), (9, 5), (12, 10), (7, 7), (9, 10), (7, 6), (12, 7), (8, 5), (10, 11), (10, 5), (11, 12), (9, 11), (12, 11), (12, 13), (10, 12), (7, 9), (10, 9), (11, 13), (12, 12), (11, 5), (13, 10), (7, 5), (10, 10), (12, 5), (7, 10), (13, 9), (11, 14), (13, 8), (12, 15), (10, 13), (6, 8), (8, 11), (6, 7), (11, 15), (13, 7), (9, 4), (11, 4), (12, 16)

Camino real: (4, 0) - (5, 1) - (5, 2) - (6, 3) - (6, 4) - (7, 5) - (8, 6)
Coste del camino real hasta el momento: 38

Camino propuesto por A*: (8, 6) - (8, 7) - (8, 8) - (8, 9) - (9, 10) - (10, 11) - (11, 12) - (11, 13) - (11, 14) - (12, 15) - (12, 16)
Coste del camino propuesto por A*: 58

Número de pasos: 7
Número de reintentos: 0

Proporción media de obstáculos presentes en el entorno: 24.9135%

===============================================================

Iteración 8

Laberinto:
.█..█.....██.....
.....█.....█.....
.█████.█..███.█..
..█.....█........
S....█.......█...
.✱✱██..█.....█.██
.█.✱✱..█..█..█...
.█...✱.█.........
██....✱✱█.....█..
██.....█▲.█......
.███.█...▲▲...█.█
...█......█▲▲▲▲..
.█..█.█..█..███▲E
█..█..█.█...█..█.
█........█..█..█.
....█............
.█..█.█.█....█...

Número de nodos generados: 62
Nodos generados (en orden): (8, 7), (7, 6), (7, 8), (9, 6), (9, 8), (8, 9), (9, 9), (10, 7), (10, 8), (10, 9), (10, 10), (11, 8), (11, 9), (11, 7), (8, 10), (12, 8), (12, 10), (9, 11), (10, 11), (11, 11), (12, 7), (10, 12), (11, 12), (12, 11), (13, 9), (13, 10), (13, 11), (9, 12), (10, 13), (11, 13), (6, 8), (6, 9), (7, 9), (13, 7), (8, 5), (9, 5), (10, 6), (7, 10), (11, 6), (9, 13), (11, 14), (11, 5), (7, 11), (8, 11), (8, 12), (10, 15), (11, 15), (12, 15), (12, 5), (14, 10), (14, 11), (7, 12), (11, 16), (12, 16), (13, 14), (13, 16), (8, 13), (6, 11), (6, 5), (6, 6), (7, 5), (14, 8)

Número de nodos inspeccionados: 38
Nodos inspeccionados (en orden): (8, 7), (9, 8), (10, 9), (10, 8), (9, 9), (11, 9), (10, 10), (11, 8), (11, 11), (12, 10), (10, 11), (11, 12), (12, 11), (7, 8), (12, 8), (9, 6), (8, 9), (10, 7), (10, 12), (11, 13), (10, 6), (7, 9), (11, 7), (8, 10), (9, 11), (11, 14), (11, 6), (13, 11), (12, 7), (8, 11), (12, 15), (9, 12), (7, 10), (7, 6), (11, 15), (13, 10), (13, 9), (12, 16)

Camino real: (4, 0) - (5, 1) - (5, 2) - (6, 3) - (6, 4) - (7, 5) - (8, 6) - (8, 7)
Coste del camino real hasta el momento: 43

Camino propuesto por A*: (8, 7) - (9, 8) - (10, 9) - (10, 10) - (11, 11) - (11, 12) - (11, 13) - (11, 14) - (12, 15) - (12, 16)
Coste del camino propuesto por A*: 53

Número de pasos: 8
Número de reintentos: 0

Proporción media de obstáculos presentes en el entorno: 24.9135%

===============================================================

Iteración 9

Laberinto:
.█.....███...█.██
█..█....█....█...
█......█..█...█..
.......██........
S.....██.█...█.██
.✱✱...█.█.......█
█..✱✱..█...█....█
...█.✱...█.█.....
.....█✱✱...███...
...███..✱█.█.....
█...█.█..▲▲....█.
█.........█▲.█..█
..█...█.█..█▲▲▲▲E
...█....█.██.....
.█.....█.........
...██..█.██..█...
..██.......██.█..

Número de nodos generados: 55
Nodos generados (en orden): (9, 8), (8, 7), (8, 8), (8, 9), (9, 7), (10, 7), (10, 8), (10, 9), (9, 10), (10, 10), (11, 8), (11, 9), (11, 7), (10, 11), (11, 11), (12, 9), (12, 10), (10, 12), (11, 12), (12, 12), (13, 9), (12, 7), (12, 13), (13, 12), (13, 13), (9, 12), (10, 13), (11, 14), (12, 14), (13, 14), (7, 8), (7, 10), (8, 10), (9, 13), (9, 6), (11, 6), (7, 7), (8, 6), (9, 14), (10, 14), (11, 15), (12, 15), (13, 15), (13, 6), (13, 7), (9, 15), (12, 16), (13, 16), (14, 12), (14, 13), (14, 14), (14, 11), (14, 8), (14, 9), (14, 10)

Número de nodos inspeccionados: 32
Nodos inspeccionados (en orden): (9, 8), (10, 9), (10, 8), (10, 10), (11, 9), (11, 11), (12, 10), (11, 8), (12, 12), (10, 11), (12, 9), (11, 12), (12, 13), (8, 9), (10, 12), (10, 7), (8, 8), (9, 10), (9, 7), (10, 13), (11, 7), (8, 10), (12, 14), (12, 7), (10, 14), (12, 15), (9, 12), (11, 14), (13, 13), (13, 12), (13, 9), (12, 16)

Camino real: (4, 0) - (5, 1) - (5, 2) - (6, 3) - (6, 4) - (7, 5) - (8, 6) - (8, 7) - (9, 8)
Coste del camino real hasta el momento: 50

Camino propuesto por A*: (9, 8) - (10, 9) - (10, 10) - (11, 11) - (12, 12) - (12, 13) - (12, 14) - (12, 15) - (12, 16)
Coste del camino propuesto por A*: 46

Número de pasos: 9
Número de reintentos: 0

Proporción media de obstáculos presentes en el entorno: 24.9135%

===============================================================

Iteración 10

Laberinto:
.██......█......█
..██.█.█.█..█..█.
.......█...█....█
.█....██.█...██..
S.........█.██...
.✱✱█.██..........
...✱✱...█........
██..█✱.█......█..
.█....✱✱.........
..█.█...✱..▲█...█
.....█.█.✱▲█▲....
█..█.█.█...█.▲▲▲.
█..█.......███.█E
█.█..........█.█.
.█....█..██..█...
....█.█.....█..█.
......█..██....██

Número de nodos generados: 56
Nodos generados (en orden): (10, 9), (9, 8), (9, 9), (9, 10), (10, 8), (10, 10), (11, 8), (11, 9), (11, 10), (12, 9), (12, 10), (12, 8), (9, 11), (13, 9), (13, 10), (13, 11), (12, 7), (8, 9), (8, 10), (8, 11), (13, 8), (8, 8), (9, 7), (8, 12), (10, 12), (13, 7), (9, 13), (10, 13), (11, 12), (11, 13), (13, 12), (14, 11), (14, 12), (10, 14), (11, 14), (12, 14), (9, 14), (14, 8), (11, 15), (13, 14), (8, 7), (10, 15), (7, 10), (7, 11), (7, 12), (11, 6), (12, 6), (13, 6), (9, 15), (7, 9), (7, 13), (8, 13), (10, 16), (11, 16), (12, 16), (7, 8)

Número de nodos inspeccionados: 31
Nodos inspeccionados (en orden): (10, 9), (11, 10), (11, 9), (10, 10), (12, 10), (11, 8), (9, 10), (12, 9), (9, 9), (10, 8), (9, 11), (12, 8), (10, 12), (13, 11), (13, 10), (11, 13), (10, 13), (13, 9), (12, 14), (11, 12), (13, 12), (9, 8), (11, 14), (8, 11), (12, 7), (10, 14), (8, 10), (8, 12), (11, 15), (8, 9), (12, 16)

Camino real: (4, 0) - (5, 1) - (5, 2) - (6, 3) - (6, 4) - (7, 5) - (8, 6) - (8, 7) - (9, 8) - (10, 9)
Coste del camino real hasta el momento: 57

Camino propuesto por A*: (10, 9) - (10, 10) - (9, 11) - (10, 12) - (11, 13) - (11, 14) - (11, 15) - (12, 16)
Coste del camino propuesto por A*: 43

Número de pasos: 10
Número de reintentos: 0

Proporción media de obstáculos presentes en el entorno: 24.9135%

===============================================================

Iteración 11

Laberinto:
..█..........█...
.█...█......█...█
.█.████.....██...
.....███.█...█...
S...█........█...
█✱✱█..██...█..██.
..█✱✱.....█..██.█
...█.✱..........█
......✱✱.█.......
█...██..✱.██..█..
...█....█✱✱▲....█
.█....█..███▲▲▲..
█.........█...█▲E
.███.....█.█..█..
.█..█....██......
.......█.██......
.█.█.......█..█..

Número de nodos generados: 30
Nodos generados (en orden): (10, 10), (9, 9), (10, 9), (10, 11), (9, 12), (10, 12), (11, 12), (10, 13), (11, 13), (12, 11), (12, 12), (12, 13), (9, 13), (11, 14), (13, 12), (13, 13), (10, 14), (11, 8), (10, 15), (11, 15), (12, 15), (9, 15), (11, 16), (12, 16), (13, 15), (13, 16), (8, 11), (8, 12), (8, 13), (13, 10)

Número de nodos inspeccionados: 16
Nodos inspeccionados (en orden): (10, 10), (10, 11), (11, 12), (10, 12), (12, 13), (11, 13), (12, 12), (10, 13), (10, 9), (11, 14), (10, 14), (12, 15), (9, 12), (11, 15), (12, 11), (12, 16)

Camino real: (4, 0) - (5, 1) - (5, 2) - (6, 3) - (6, 4) - (7, 5) - (8, 6) - (8, 7) - (9, 8) - (10, 9) - (10, 10)
Coste del camino real hasta el momento: 62

Camino propuesto por A*: (10, 10) - (10, 11) - (11, 12) - (11, 13) - (11, 14) - (12, 15) - (12, 16)
Coste del camino propuesto por A*: 34

Número de pasos: 11
Número de reintentos: 0

Proporción media de obstáculos presentes en el entorno: 24.9135%

===============================================================

Iteración 12

Laberinto:
.██.....█..█...█.
..██.███..█.....█
█........██.█...█
.............███.
S...█........████
.✱✱....█.......█.
...✱✱...█..█.....
█.█..✱...........
......✱✱.█..█...█
..██.██.✱█.██..█.
.██..█...✱✱✱█.█..
█....█.....▲█..██
..█.......█.▲▲▲█E
........█..█..█▲.
█.██.█...█.█.█...
......█.......█..
...█.........█..█

Número de nodos generados: 32
Nodos generados (en orden): (10, 11), (9, 10), (10, 10), (11, 10), (11, 11), (12, 11), (12, 12), (11, 13), (12, 13), (13, 12), (13, 13), (13, 10), (11, 14), (12, 14), (10, 9), (11, 9), (12, 9), (13, 15), (10, 13), (14, 12), (14, 14), (10, 15), (8, 10), (8, 11), (11, 8), (12, 8), (13, 9), (12, 16), (13, 16), (14, 15), (14, 16), (10, 8)

Número de nodos inspeccionados: 17
Nodos inspeccionados (en orden): (10, 11), (11, 11), (12, 12), (12, 11), (12, 13), (11, 10), (12, 14), (10, 10), (11, 13), (13, 13), (13, 12), (11, 14), (9, 10), (12, 9), (13, 15), (11, 9), (12, 16)

Camino real: (4, 0) - (5, 1) - (5, 2) - (6, 3) - (6, 4) - (7, 5) - (8, 6) - (8, 7) - (9, 8) - (10, 9) - (10, 10) - (10, 11)
Coste del camino real hasta el momento: 67

Camino propuesto por A*: (10, 11) - (11, 11) - (12, 12) - (12, 13) - (12, 14) - (13, 15) - (12, 16)
Coste del camino propuesto por A*: 36

Número de pasos: 12
Número de reintentos: 0

Proporción media de obstáculos presentes en el entorno: 24.9135%

===============================================================

Iteración 13

Laberinto:
..█.....██.█....█
..█..█..█...█....
█.██.............
...█..█..█...██.█
S.█..█.....█....█
.✱✱.....██...█.█.
█..✱✱.█.█..█..█.█
....█✱....█.....█
.█....✱✱...█....█
..█.....✱█....█.█
..█......✱✱✱.....
....██.█..█✱.█.██
............▲▲▲█E
█..█...█...█...▲.
.█....█..█..██.█.
█.....██..█...██.
......██......█..

Número de nodos generados: 33
Nodos generados (en orden): (11, 11), (10, 10), (10, 11), (10, 12), (11, 12), (12, 10), (12, 11), (12, 12), (12, 13), (13, 12), (13, 13), (10, 13), (13, 10), (11, 14), (12, 14), (13, 14), (13, 15), (9, 11), (9, 12), (9, 13), (11, 9), (12, 9), (13, 9), (9, 10), (14, 14), (14, 11), (10, 14), (10, 15), (9, 15), (12, 16), (13, 16), (14, 16), (10, 9)

Número de nodos inspeccionados: 18
Nodos inspeccionados (en orden): (11, 11), (12, 12), (11, 12), (12, 11), (12, 13), (12, 14), (10, 12), (12, 10), (10, 11), (13, 13), (13, 12), (10, 13), (13, 14), (11, 14), (10, 14), (13, 15), (10, 10), (12, 16)

Camino real: (4, 0) - (5, 1) - (5, 2) - (6, 3) - (6, 4) - (7, 5) - (8, 6) - (8, 7) - (9, 8) - (10, 9) - (10, 10) - (10, 11) - (11, 11)
Coste del camino real hasta el momento: 72

Camino propuesto por A*: (11, 11) - (12, 12) - (12, 13) - (12, 14) - (13, 15) - (12, 16)
Coste del camino propuesto por A*: 31

Número de pasos: 13
Número de reintentos: 1

Proporción media de obstáculos presentes en el entorno: 24.9135%

===============================================================

Iteración 14

Laberinto:
.██....█..██.█..█
.....█...███..█..
..█.....█......█.
...██.........█..
S.....██...██....
.✱✱..............
...✱✱.....██.███.
█....✱█......█...
..█...✱✱.█.██....
........✱█.......
...█.███.✱✱✱.....
█..█.█..█..✱..█▲.
........█.█.✱▲▲█E
█.██...██.█....█.
..█....█..█......
.█.██.█.█..█.....
█.██...█..█....█.

Número de nodos generados: 25
Nodos generados (en orden): (12, 12), (11, 11), (11, 12), (11, 13), (12, 11), (12, 13), (13, 11), (13, 12), (13, 13), (12, 14), (13, 14), (11, 15), (10, 12), (10, 13), (10, 14), (14, 12), (14, 13), (14, 14), (14, 11), (11, 10), (14, 15), (10, 15), (10, 16), (11, 16), (12, 16)

Número de nodos inspeccionados: 11
Nodos inspeccionados (en orden): (12, 12), (12, 13), (12, 14), (11, 13), (13, 13), (11, 12), (13, 12), (12, 11), (13, 14), (11, 15), (12, 16)

Camino real: (4, 0) - (5, 1) - (5, 2) - (6, 3) - (6, 4) - (7, 5) - (8, 6) - (8, 7) - (9, 8) - (10, 9) - (10, 10) - (10, 11) - (11, 11) - (12, 12)
Coste del camino real hasta el momento: 79

Camino propuesto por A*: (12, 12) - (12, 13) - (12, 14) - (11, 15) - (12, 16)
Coste del camino propuesto por A*: 24

Número de pasos: 14
Número de reintentos: 0

Proporción media de obstáculos presentes en el entorno: 24.9135%

===============================================================

Iteración 15

Laberinto:
████.....█....█..
...█.█.█....█.█..
█...█..██..█.███.
..█......█.█.....
S...........█..█.
█✱✱█.█......█....
..█✱✱.......█..█.
.█.█.✱...........
....█.✱✱.........
..█....█✱.....██.
..█..█...✱✱✱..█..
.████.....█✱█....
..█.........✱✱▲▲E
....██.█..█..█...
.....███.█.....█.
.█....█.....██.██
.█.█..█.█.......█

Número de nodos generados: 13
Nodos generados (en orden): (12, 13), (11, 13), (11, 14), (12, 12), (12, 14), (13, 12), (13, 14), (11, 15), (12, 15), (13, 15), (11, 16), (12, 16), (13, 16)

Número de nodos inspeccionados: 4
Nodos inspeccionados (en orden): (12, 13), (12, 14), (12, 15), (12, 16)

Camino real: (4, 0) - (5, 1) - (5, 2) - (6, 3) - (6, 4) - (7, 5) - (8, 6) - (8, 7) - (9, 8) - (10, 9) - (10, 10) - (10, 11) - (11, 11) - (12, 12) - (12, 13)
Coste del camino real hasta el momento: 84

Camino propuesto por A*: (12, 13) - (12, 14) - (12, 15) - (12, 16)
Coste del camino propuesto por A*: 15

Número de pasos: 15
Número de reintentos: 0

Proporción media de obstáculos presentes en el entorno: 24.9135%

===============================================================

Iteración 16

Laberinto:
.█.██.......█..█.
..█.█.....█......
.█....█..█.....██
██.█.█..█...██...
S...█.......███.█
.✱✱....█..█..█..█
.█.✱✱....█..█...█
.....✱.█.█.....█.
..█...✱✱..██.....
........✱██..█...
.......██✱✱✱.....
█..........✱....█
......██.██.✱✱✱▲E
...█.............
.....█.█..█.████.
..█..█..█..█.....
███......█..█.█..

Número de nodos generados: 11
Nodos generados (en orden): (12, 14), (11, 13), (11, 14), (11, 15), (12, 13), (12, 15), (13, 13), (13, 14), (13, 15), (12, 16), (13, 16)

Número de nodos inspeccionados: 3
Nodos inspeccionados (en orden): (12, 14), (12, 15), (12, 16)

Camino real: (4, 0) - (5, 1) - (5, 2) - (6, 3) - (6, 4) - (7, 5) - (8, 6) - (8, 7) - (9, 8) - (10, 9) - (10, 10) - (10, 11) - (11, 11) - (12, 12) - (12, 13) - (12, 14)
Coste del camino real hasta el momento: 89

Camino propuesto por A*: (12, 14) - (12, 15) - (12, 16)
Coste del camino propuesto por A*: 10

Número de pasos: 16
Número de reintentos: 0

Proporción media de obstáculos presentes en el entorno: 24.9135%

===============================================================

Iteración 17

Laberinto:
......█..███.....
.....█..█..███.██
.█.█.....██...██.
██.█.██........█.
S......█.........
.✱✱.█..........█.
...✱✱.█.....█..█.
...██✱....█....█.
......✱✱█.█.███..
█..█..██✱.█..█.█.
.........✱✱✱█....
....█..█.█.✱.....
....█..█....✱✱✱✱E
█....██..█.......
.██....█....█...█
...█....█........
.███....██..█.█.█

Número de nodos generados: 9
Nodos generados (en orden): (12, 15), (11, 14), (11, 15), (11, 16), (12, 14), (12, 16), (13, 14), (13, 15), (13, 16)

Número de nodos inspeccionados: 2
Nodos inspeccionados (en orden): (12, 15), (12, 16)

Camino real: (4, 0) - (5, 1) - (5, 2) - (6, 3) - (6, 4) - (7, 5) - (8, 6) - (8, 7) - (9, 8) - (10, 9) - (10, 10) - (10, 11) - (11, 11) - (12, 12) - (12, 13) - (12, 14) - (12, 15)
Coste del camino real hasta el momento: 94

Camino propuesto por A*: (12, 15) - (12, 16)
Coste del camino propuesto por A*: 5

Número de pasos: 17
Número de reintentos: 0

Proporción media de obstáculos presentes en el entorno: 24.9135%

===============================================================

Iteración 18

Laberinto:
......█..███.....
.....█..█..███.██
.█.█.....██...██.
██.█.██........█.
S......█.........
.✱✱.█..........█.
...✱✱.█.....█..█.
...██✱....█....█.
......✱✱█.█.███..
█..█..██✱.█..█.█.
.........✱✱✱█....
....█..█.█.✱.....
....█..█....✱✱✱✱E
█....██..█.......
.██....█....█...█
...█....█........
.███....██..█.█.█

Número de nodos generados: 1
Nodos generados (en orden): (12, 16)

Número de nodos inspeccionados: 1
Nodos inspeccionados (en orden): (12, 16)

Camino real: (4, 0) - (5, 1) - (5, 2) - (6, 3) - (6, 4) - (7, 5) - (8, 6) - (8, 7) - (9, 8) - (10, 9) - (10, 10) - (10, 11) - (11, 11) - (12, 12) - (12, 13) - (12, 14) - (12, 15) - (12, 16)
Coste del camino real hasta el momento: 99

Camino propuesto por A*: (12, 16)
Coste del camino propuesto por A*: 0.0

Número de pasos: 18
Número de reintentos: 0

Proporción media de obstáculos presentes en el entorno: 24.9135%


===============================================================

>>> ¡El algoritmo ha encontrado la salida al laberinto dinámico! <<<

Número de pasos: 18
Camino final: (4, 0) - (5, 1) - (5, 2) - (6, 3) - (6, 4) - (7, 5) - (8, 6) - (8, 7) - (9, 8) - (10, 9) - (10, 10) - (10, 11) - (11, 11) - (12, 12) - (12, 13) - (12, 14) - (12, 15) - (12, 16)
Coste: 99

===============================================================

Parámetros del algoritmo

> Costes de movimiento
Coste en línea recta: 5
Coste en diagonal: 7

> Parámetros heurísticos
Peso heurístico (variable W): 3

> Probabilidades de cambio de estado
P(casilla libre → bloqueada): 50%
P(obstáculo → libre): 50%

> Restricciones globales
Máx. proporción de obstáculos: 25%
Máx. reintentos: 5

> Propiedades del laberinto
Estado: dinámico

===============================================================
